# Mercurial theme (dark) — diadaptasi dari opencode-settings/themes/mercurial.json
# primary #8da4f5 | success #77c599 | error #fc92b4 | warning #fc9b6f
# info #77becf | text #dddde5 | muted #9d9da8 | syntax #58a6ff #39c5cf #bc8cff #d29922

NORMAL 38;2;221;221;229
FILE 38;2;221;221;229
DIR 01;38;2;141;164;245
LINK 38;2;119;190;207
FIFO 38;2;252;155;111
SOCK 38;2;252;155;111
DOOR 38;2;252;155;111
BLK 38;2;252;155;111
CHR 38;2;252;155;111
ORPHAN 38;2;252;146;180
MISSING 38;2;252;146;180
SETUID 38;2;252;146;180
SETGID 38;2;252;155;111
CAPABILITY 38;2;252;146;180
STICKY_OTHER_WRITABLE 38;2;252;155;111
OTHER_WRITABLE 38;2;252;155;111
STICKY 38;2;119;190;207
EXEC 01;38;2;119;197;153

# Arsip & kompresi — syntax_variable #d29922
.tar 38;2;210;153;34
.tgz 38;2;210;153;34
.txz 38;2;210;153;34
.tbz 38;2;210;153;34
.tbz2 38;2;210;153;34
.gz 38;2;210;153;34
.bz2 38;2;210;153;34
.xz 38;2;210;153;34
.zst 38;2;210;153;34
.zip 38;2;210;153;34
.7z 38;2;210;153;34
.rar 38;2;210;153;34
.deb 38;2;210;153;34
.apk 38;2;210;153;34
.rpm 38;2;210;153;34

# Gambar — syntax_function #bc8cff
.jpg 38;2;188;140;255
.jpeg 38;2;188;140;255
.png 38;2;188;140;255
.gif 38;2;188;140;255
.svg 38;2;188;140;255
.webp 38;2;188;140;255
.bmp 38;2;188;140;255
.ico 38;2;188;140;255

# Audio & video — syntax_string #39c5cf
.mp3 38;2;57;197;207
.flac 38;2;57;197;207
.wav 38;2;57;197;207
.ogg 38;2;57;197;207
.m4a 38;2;57;197;207
.mp4 38;2;57;197;207
.mkv 38;2;57;197;207
.webm 38;2;57;197;207
.avi 38;2;57;197;207
.mov 38;2;57;197;207

# Kode sumber — syntax_number #58a6ff
.c 38;2;88;166;255
.h 38;2;88;166;255
.cpp 38;2;88;166;255
.hpp 38;2;88;166;255
.rs 38;2;88;166;255
.go 38;2;88;166;255
.py 38;2;88;166;255
.rb 38;2;88;166;255
.js 38;2;88;166;255
.mjs 38;2;88;166;255
.cjs 38;2;88;166;255
.ts 38;2;88;166;255
.tsx 38;2;88;166;255
.jsx 38;2;88;166;255
.java 38;2;88;166;255
.kt 38;2;88;166;255
.swift 38;2;88;166;255
.php 38;2;88;166;255
.pl 38;2;88;166;255
.lua 38;2;88;166;255
.sh 38;2;88;166;255
.bash 38;2;88;166;255
.zsh 38;2;88;166;255
.sql 38;2;88;166;255
.html 38;2;88;166;255
.css 38;2;88;166;255
.scss 38;2;88;166;255
.json 38;2;88;166;255
.yaml 38;2;88;166;255
.yml 38;2;88;166;255
.toml 38;2;88;166;255
.xml 38;2;88;166;255
.md 38;2;88;166;255

# Dokumen — syntax_comment #8b949e
.pdf 38;2;139;148;158
.doc 38;2;139;148;158
.docx 38;2;139;148;158
.xls 38;2;139;148;158
.xlsx 38;2;139;148;158
.ppt 38;2;139;148;158
.pptx 38;2;139;148;158
.txt 38;2;139;148;158
.rtf 38;2;139;148;158
.epub 38;2;139;148;158
.csv 38;2;139;148;158

# Git — syntax_keyword #ff7b72
.git 38;2;255;123;114
.gitignore 38;2;255;123;114
.gitattributes 38;2;255;123;114